
SETUP: Sample.Mjpeg RTSP/1.0
CSeq: 1
Transport: RTP/UDP;client_port= 20001

RTSP/1.0 200 OK
CSeq: 1
Session: 456498
Vsize: 4269893

PLAY: Sample.Mjpeg RTSP/1.0
CSeq: 2
Session: 456498

RTSP/1.0 200 OK
CSeq: 2
Session: 456498
1
2
3
4
5
6
7
8
9
10
11
12
13
14
15
16
17
18
19
20
21
22
23
24
25
26
27
29
30
31
32
33
35
36
37
38
39
40
41
42
43
44
45
46
47
48
49
50
52
53
54
55
57
58
59
60
61
63
64
65
67
69
70
71
72
74
75
76
78
80
81
83
84
85
86
87
88
90
91
92
93
94
95
96
97
98
99
100
102
103
104
105
106
108
109
110
111
113
114
115
116
117
118
120
121
122
123
125
126
127
128
130
131
132
133
134
135
137
138
139
140
141
143
144
145
146
147
149
150
152
153
154
155
156
157
158
159
161
162
163
164
165
167
168
169
170
171
173
174
175
176
177
178
179
181
182
183
184
185
186
187
188
189
190
191
193
194
195
196
197
198
200
201
202
203
204
205
206
207
208
209
210
211
212
213
214
215
216
217
218
219
220
222
224
225
228
230
231
232
233
234
236
237
238
239
240
241
242
243
244
245
246
247
250
251
252
253
255
256
257
258
259
260
262
263
264
265
266
267
268
270
271
272
273
275
276
277
278
279
281
282
283
284
285
286
287
289
290
291
292
293
294
296
297
298
299
301
302
303
304
306
307
308
309
310
311
312
314
315
316
317
318
319
320
322
323
324
325
326
328
329
331
332
333
334
335
337
338
339
340
341
342
344
345
346
347
349
350
351
352
353
355
356
357
358
359
361
362
363
364
365
366
368
369
370
371
372
374
375
376
377
379
380
382
383
384
386
387
388
389
390
391
392
393
394
396
397
398
399
400
401
402
403
404
405
406
407
408
409
410
411
412
413
414
415
416
417
418
419
420
421
422
423
424
425
426
427
428
429
430
431
432
433
434
435
436
438
439
440
441
443
444
445
446
447
448
450
451
452
453
454
455
456
458
459
460
461
462
464
465
466
467
469
470
471
472
473
474
476
477
478
479
480
481
482
484
485
486
487
488
489

RTSP/1.0 200 OK END
TotalFrame: 500
Session: 456498
490
491
493
494
495
496
497
499
500

TEARDOWN: Sample.Mjpeg RTSP/1.0
CSeq: 3
Session: 456498

RTSP/1.0 200 OK
CSeq: 3
Session: 456498
video size: 4269893 bytes, time elapsed: 31 seconds
frameCount 430 totalFrame 500
transfer rate: 109.922902 bit/s
packet loss rate: 14.000000
